function [x,y,z] = cubic( x0,a,b,c )
%CUBIC 用于画一个长方体
%该长方体的长为a(x轴方向,宽为b(y轴方向),高为c(z轴方向)
%该长方体的中心点为x0.
kk=[-1 1 1 -1 -1  1 1 -1;
    -1 -1 1 1 -1 -1 1 1;
    -1 -1 -1 -1 1 1 1 1];
x0=x0'*ones(1,8)+.5*diag([a,b,c])*kk;
x=[x0(1,[4 3 3 4 4]);x0(1,[1 2 3 4 1]);x0(1,[5 6 7 8 5]);x0(1,[5 5 8 8 5])];
y=[x0(2,[4 3 3 4 4]);x0(2,[1 2 3 4 1]);x0(2,[5 6 7 8 5]);x0(2,[5 5 8 8 5])];
z=[x0(3,[4 3 3 4 4]);x0(3,[1 2 3 4 1]);x0(3,[5 6 7 8 5]);x0(3,[5 5 8 8 5])];
end





% [x,y,z]=meshgrid(0:.05:1,0:.05:2,0:.05:1.5);
% fun=(x+y+z)/3; %fun的表达式随便改
% slice(x,y,z,fun,0:.05:1,0:.05:2,0:.05:1.5);


